13 0.0161135 0.477214 0.032227 0.09505199999999998
13 0.017578 0.7154949999999999 0.035156 0.217448
13 0.03125 0.11848949999999998 0.0625 0.23697899999999997
13 0.0737305 0.8001299999999999 0.12792900000000001 0.3971359999999999
13 0.11523449999999999 0.105469 0.06835899999999999 0.210938
13 0.1230465 0.4329425 0.082031 0.1054690000000001
13 0.2182615 0.7916669999999999 0.137695 0.40104199999999995
13 0.21533249999999998 0.078125 0.07128900000000002 0.15625
13 0.2495115 0.41601550000000004 0.09863299999999997 0.10807300000000009
13 0.32421900000000003 0.0859375 0.07617199999999996 0.171875
13 0.364746 0.7805989999999999 0.131836 0.4361979999999999
13 0.3881835 0.38932300000000003 0.08496100000000001 0.0885419999999999
13 0.431641 0.066406 0.09375 0.132812
13 0.5200195000000001 0.7773439999999999 0.13378900000000005 0.44270799999999993
13 0.5307615 0.38802099999999995 0.08886700000000003 0.09635399999999998
13 0.5561525 0.0677085 0.08496099999999995 0.135417
13 0.660156 0.7779950000000001 0.13476600000000005 0.4414059999999999
13 0.6606445 0.0625 0.09863299999999997 0.125
13 0.668457 0.395182 0.08300799999999997 0.10025999999999995
13 0.779785 0.0677085 0.09082000000000001 0.135417
13 0.82666 0.7851564999999999 0.139648 0.42708299999999993
13 0.811035 0.4023435 0.09472599999999998 0.11458299999999995
13 0.9052735000000001 0.078776 0.097657 0.157552
13 0.952148 0.422526 0.09375 0.10546799999999996
13 0.9555659999999999 0.8007814999999999 0.08691400000000005 0.39583299999999993
13 0.9804685 0.091146 0.03710899999999995 0.182292