2 0.0421875 0.8132640000000001 0.084375 0.37159
2 0.16749999999999998 0.817968 0.26125 0.36218200000000006
2 0.1775 0.286924 0.05875 0.097836
2 0.1759375 0.3659455 0.03187499999999999 0.06773299999999999
2 0.2084375 0.3791155 0.045625 0.08654699999999999
2 0.2134375 0.503763 0.03562500000000002 0.1157099999999999
2 0.3965625 0.8457195 0.281875 0.3066790000000001
2 0.42874999999999996 0.9256820000000001 0.19749999999999995 0.14675400000000005
2 0.3821875 0.4440265 0.03937499999999999 0.1580429999999999
2 0.4615625 0.378175 0.12937500000000002 0.2897459999999999
2 0.579375 0.33019750000000003 0.11875000000000002 0.22013100000000002
2 0.8459375 0.5761995 0.09062499999999996 0.183443
2 0.9378124999999999 0.61571 0.12312500000000004 0.18156200000000006
2 0.956875 0.4854184999999999 0.08499999999999996 0.12229499999999999