21 0.39296875 0.63671875 0.1328125 0.353125
21 0.8703125 0.61015625 0.0578125 0.2265625
32 0.125 0.4796875 0.1328125 0.2984375
32 0.6359375 0.5125 0.078125 0.209375
32 0.74296875 0.521875 0.075 0.2109375
32 0.9625 0.5234375 0.065625 0.2078125
32 0.396875 0.3984375 0.1171875 0.1140625
7 0.278125 0.3546875 0.0515625 0.221875
7 0.70078125 0.43359375 0.0484375 0.2125
7 0.9515625 0.4375 0.046875 0.1453125
18 0.478125 0.54453125 0.0609375 0.6828125
18 0.76171875 0.56015625 0.0578125 0.553125
18 0.9453125 0.53125 0.059375 0.50625
18 0.04140625 0.54609375 0.078125 0.8421875