13 0.35375 0.5135390000000001 0.18 0.15126000000000003
13 0.2278125 0.7371615 0.03812500000000002 0.18020499999999992
13 0.241875 0.51634 0.036250000000000004 0.15126000000000003
13 0.35125 0.334267 0.135 0.15126
13 0.43343750000000003 0.7497664999999999 0.03187500000000004 0.16246500000000008
13 0.5659375 0.3898225 0.130625 0.09056899999999998
13 0.5940624999999999 0.7815125 0.05937500000000007 0.09150299999999999
13 0.705625 0.7670399999999999 0.04375000000000007 0.15966399999999994
13 0.7037500000000001 0.558357 0.03749999999999998 0.14005599999999999
13 0.785625 0.39589199999999997 0.12375000000000003 0.15872999999999995
13 0.753125 0.552754 0.04625000000000001 0.14005599999999999
13 0.7593749999999999 0.7661064999999999 0.04625000000000001 0.15779700000000005
13 0.7940625 0.5592900000000001 0.04062499999999991 0.13445400000000005
13 0.80125 0.7731089999999999 0.04499999999999993 0.14752599999999993
13 0.83375 0.5630255000000001 0.03875000000000006 0.138189
13 0.8415625 0.7670399999999999 0.03312500000000007 0.14659199999999986