2 0.0539065 0.8666670000000001 0.107813 0.15000000000000005
2 0.0640625 0.6677079999999999 0.128125 0.09374999999999993
2 0.102344 0.932292 0.204688 0.1312500000000001
2 0.0734375 0.43958350000000007 0.062499 0.041666999999999975
2 0.2210935 0.8552084999999999 0.260937 0.17708299999999996
2 0.1382815 0.44166700000000003 0.04531299999999999 0.04999999999999997
2 0.321094 0.922917 0.40468799999999994 0.1499999999999999
2 0.19375 0.4375 0.06562400000000002 0.05000000000000012
2 0.22734349999999998 0.6645835 0.06093699999999999 0.09166699999999987
2 0.32109350000000003 0.6583335 0.13593700000000003 0.09583300000000013
2 0.440625 0.864583 0.22187400000000002 0.17500000000000013
2 0.435938 0.6510414999999999 0.09999999999999998 0.09791699999999981
2 0.7140625 0.9104170000000001 0.412501 0.17499999999999996
2 0.5914060000000001 0.6385415 0.104688 0.11041699999999999
2 0.667969 0.8291664999999999 0.21718800000000005 0.16666700000000004
2 0.7023435 0.6354164999999999 0.129687 0.10416700000000005
2 0.8257815 0.626042 0.12343699999999991 0.09375
2 0.8921875 0.9125 0.21250100000000005 0.170834
2 0.935938 0.7979164999999999 0.125 0.14583299999999996
2 0.9039060000000001 0.5906250000000001 0.042188 0.06458400000000004
2 0.9351565 0.5927085 0.09531300000000009 0.08958299999999997
2 0.9726565 0.5989585000000001 0.051563000000000025 0.10208300000000008