2 0.15360000000000001 0.5911475409836066 0.11098181818181818 0.2444262295081967
2 0.6927272727272727 0.5926229508196722 0.2213090909090909 0.30300546448087434
11 0.2550545454545455 0.6199453551912568 0.08389090909090909 0.13311475409836065
11 0.30465454545454546 0.842295081967213 0.45276363636363637 0.31546448087431694
6 0.6656363636363637 0.2762295081967213 0.038872727272727274 0.07551912568306011
6 0.8563636363636363 0.29360655737704916 0.043454545454545454 0.08049180327868853
6 0.6008363636363636 0.31 0.04814545454545455 0.07551912568306011
6 0.7647999999999999 0.31546448087431694 0.05869090909090909 0.07846994535519125
6 0.053418181818181816 0.44163934426229506 0.07596363636363637 0.23743169398907105
6 0.9384727272727272 0.5226229508196721 0.12305454545454547 0.5067213114754099
11 0.059381818181818175 0.5444808743169399 0.06407272727272728 0.0933879781420765