13 0.1075175 0.8825000000000001 0.124125 0.23375
13 0.1276225 0.6590625 0.131119 0.254375
13 0.1538465 0.43624999999999997 0.13111899999999999 0.25625
13 0.1634615 0.2525 0.141609 0.3025
13 0.5100525 0.84 0.576049 0.19625000000000004
13 0.519231 0.5865625 0.541958 0.20812500000000006
13 0.520542 0.345625 0.52535 0.20875000000000002
13 0.528846 0.12687500000000002 0.5034959999999999 0.1675
13 0.9029720000000001 0.1609375 0.13811199999999996 0.18437499999999998
13 0.9051569999999999 0.3753125 0.13898600000000005 0.18937499999999996
13 0.909965 0.6112500000000001 0.14335600000000007 0.1825
13 0.9160839999999999 0.860625 0.13811199999999996 0.18874999999999997
13 0.8994755 0.0140625 0.031469000000000004 0.028125
13 0.9707165 0.0309375 0.035838999999999864 0.061875