2 0.9296875 0.5947465 0.10687500000000005 0.27392099999999997
2 0.0371875 0.70591 0.074375 0.09286999999999998
2 0.0925 0.6880864999999999 0.15125 0.2654789999999999
2 0.25 0.699343 0.0975 0.2786120000000001
2 0.355625 0.6444655 0.09875 0.22701699999999994
2 0.38968749999999996 0.5459660000000001 0.03562499999999996 0.14634200000000003
2 0.46499999999999997 0.5239214999999999 0.044999999999999984 0.13977500000000007
2 0.5018750000000001 0.5989680000000001 0.05500000000000005 0.19043200000000005
2 0.5231250000000001 0.6336775 0.06874999999999998 0.21294499999999994
2 0.5696875 0.696529 0.11687500000000006 0.2692299999999999
2 0.6756249999999999 0.508912 0.03874999999999995 0.036586000000000035
2 0.730625 0.6894935 0.125 0.2626649999999999
2 0.83375 0.6547839999999999 0.10875000000000001 0.2363979999999999
2 0.82875 0.4948405 0.013749999999999929 0.03658499999999998