2 0.828125 0.7141924999999999 0.19335999999999998 0.446615
2 0.192383 0.7871095 0.277344 0.3372390000000001
2 0.134766 0.44987 0.027343999999999993 0.0976559999999999
2 0.2006835 0.495443 0.15136699999999997 0.188802
2 0.330078 0.5410155 0.10742200000000002 0.259115
2 0.47314449999999997 0.7910155 0.21582099999999999 0.415365
2 0.4296875 0.47395800000000005 0.11914100000000005 0.06510399999999998
2 0.395996 0.34700499999999995 0.030274000000000023 0.053385999999999934
2 0.4697265 0.386068 0.041015000000000024 0.05859399999999996
2 0.5087889999999999 0.4296875 0.08398399999999995 0.13802099999999987
2 0.5 0.36979199999999995 0.056640000000000024 0.09114600000000002
2 0.543457 0.384115 0.05175799999999997 0.09635400000000005
2 0.612305 0.5709635000000001 0.12890599999999997 0.2981770000000001
2 0.5839845 0.328125 0.019530999999999965 0.01562599999999999
2 0.723633 0.4563805 0.07226600000000005 0.17057300000000009