2 0.5023145 0.16541899999999998 0.189815 0.154192
2 0.33101850000000005 0.51497 0.06481500000000001 0.04491000000000006
2 0.3263885 0.579341 0.03703700000000005 0.0389219999999999
2 0.32986099999999996 0.6279939999999999 0.04398200000000004 0.025450000000000084
2 0.335648 0.44012 0.05555600000000006 0.06287399999999999
2 0.340278 0.7058385 0.023148000000000023 0.013472999999999957
2 0.38541649999999994 0.33682650000000003 0.099537 0.077845
2 0.34490750000000003 0.7582335 0.013889000000000025 0.01946099999999995
2 0.39467599999999997 0.6317364999999999 0.03935199999999998 0.026946999999999943
2 0.39120400000000005 0.7597305 0.023148000000000023 0.01646700000000001
2 0.3993055 0.70509 0.025462999999999993 0.026945999999999914
2 0.42361099999999996 0.5770955 0.04166599999999994 0.043412999999999924
2 0.439815 0.5142215 0.046296000000000045 0.04341299999999998
2 0.439815 0.758982 0.018518 0.02095799999999992
2 0.4432875 0.7043415 0.025463000000000038 0.025448999999999944
2 0.46296299999999996 0.629491 0.027777999999999962 0.028444000000000025
2 0.491898 0.4363775 0.06713000000000002 0.05838300000000002
2 0.47685149999999993 0.755988 0.009259 0.020958000000000032
2 0.5023150000000001 0.582335 0.046296000000000045 0.03892200000000001
2 0.4988425 0.70509 0.025463000000000038 0.023951999999999973
2 0.5150465 0.7604789999999999 0.02083300000000001 0.01796399999999998
2 0.5324074999999999 0.629491 0.04166699999999999 0.031437999999999966
2 0.555556 0.5172154999999999 0.0509259999999999 0.04940099999999997
2 0.550926 0.70509 0.02314799999999994 0.014969999999999928
2 0.5983795 0.339072 0.09953699999999996 0.07934200000000002
2 0.5659725000000001 0.7604789999999999 0.025463000000000038 0.01796399999999998
2 0.5787035 0.5800894999999999 0.04166699999999999 0.03742499999999993
2 0.6087965 0.625 0.032406999999999936 0.03143800000000008
2 0.6041664999999999 0.7582335 0.01851900000000005 0.022455000000000003
2 0.608796 0.70509 0.027778000000000136 0.01796400000000009
2 0.642361 0.437126 0.08564800000000011 0.05688599999999999
2 0.6550925000000001 0.7582335 0.037036999999999966 0.022455000000000003
2 0.6631945 0.5785925000000001 0.05324099999999991 0.03143700000000005
2 0.6643519999999999 0.5142215 0.0509259999999999 0.04640700000000003
2 0.6620370000000001 0.7073355 0.03240799999999999 0.028442999999999996
2 0.667824 0.630988 0.04398199999999992 0.025449999999999973