13 0.044062500000000004 0.6049085 0.024375 0.06063499999999999
13 0.0721875 0.5149185000000001 0.02937499999999999 0.05582300000000001
13 0.0971875 0.7228104999999999 0.043125 0.07314699999999995
13 0.0934375 0.605871 0.028124999999999997 0.05486000000000008
13 0.0996875 0.43407149999999994 0.02562500000000001 0.044272999999999944
13 0.12406249999999999 0.518768 0.028124999999999997 0.05582200000000006
13 0.1459375 0.605871 0.02562500000000001 0.05486000000000008
13 0.22 0.688643 0.05125000000000002 0.11068399999999996
13 0.21375 0.5692975 0.007500000000000007 0.05678500000000008
13 0.2315625 0.48748800000000003 0.023125000000000007 0.04331000000000001
13 0.2559375 0.4104905000000001 0.020624999999999977 0.035610999999999976
13 0.28031249999999996 0.5702600000000001 0.03812500000000002 0.05485999999999999
13 0.2803125 0.4874875 0.02562500000000001 0.03946099999999997
13 0.28125 0.34263699999999997 0.006249999999999978 0.009624000000000032
13 0.3034375 0.41145300000000007 0.02062499999999995 0.03368599999999998
13 0.335625 0.688643 0.04625000000000001 0.10683400000000014
13 0.3296875 0.48652550000000006 0.02437499999999998 0.037537000000000015
13 0.3346875 0.5731474999999999 0.026875000000000038 0.05678499999999999
13 0.4046875 0.700674 0.030624999999999958 0.07122200000000004
13 0.3996875 0.572666 0.015625 0.07892199999999994
13 0.4321875 0.4557265 0.024375000000000036 0.05486099999999995
13 0.4496875 0.5745910000000001 0.02562500000000001 0.07507200000000003
13 0.4565625 0.3768045 0.01687500000000003 0.03946100000000006
13 0.4753125 0.45765149999999993 0.023125000000000007 0.05101099999999995
13 0.474375 0.2978825 0.013749999999999984 0.024060999999999992
13 0.4925 0.3768045 0.016249999999999987 0.03561100000000002
13 0.49906249999999996 0.5736285000000001 0.026874999999999982 0.07699700000000002
13 0.520625 0.709336 0.065 0.09624599999999996
13 0.5165625 0.45765149999999993 0.024375000000000036 0.05101099999999995
13 0.5434375 0.576516 0.024375000000000036 0.07507200000000003
13 0.6059375 0.4884505 0.02562500000000001 0.04908500000000009
13 0.6 0.5919155 0.008750000000000036 0.059673000000000004
13 0.6078125 0.7045235 0.024375000000000036 0.07122300000000008
13 0.6321875 0.4095285 0.016874999999999973 0.05293500000000004
13 0.6515625 0.48941299999999993 0.024374999999999925 0.05101
13 0.6546875 0.5880655 0.028124999999999956 0.063523
13 0.6528125 0.707411 0.021874999999999978 0.06929800000000008
13 0.6499999999999999 0.35033699999999995 0.01375000000000004 0.028874000000000004
13 0.6703125000000001 0.408566 0.021874999999999978 0.054860000000000034
13 0.6978125 0.48748800000000003 0.02312499999999995 0.05485999999999991
13 0.7009375 0.5919155 0.02562500000000001 0.05582300000000001
13 0.775 0.7261789999999999 0.053749999999999964 0.06640999999999998
13 0.7690625 0.6126085 0.03187499999999999 0.05678500000000008
13 0.7896875000000001 0.5230994999999999 0.041874999999999996 0.035610999999999976
13 0.7871875 0.45380149999999997 0.014375000000000027 0.027910999999999988
13 0.806875 0.6126085 0.012499999999999956 0.05293499999999991
13 0.8846875 0.618383 0.026874999999999982 0.05293599999999995
13 0.8909374999999999 0.525024 0.02937500000000004 0.05101
13 0.9128125 0.45187649999999996 0.026874999999999982 0.031760999999999984
13 0.9228125 0.7261789999999999 0.02937500000000004 0.06640999999999998
13 0.9359375 0.5307989999999999 0.026874999999999982 0.05486000000000008
13 0.9428125 0.6236765 0.030625000000000013 0.05582300000000001
13 0.9615625000000001 0.7232915 0.03187499999999999 0.05678499999999999