13 0.06 0.5929575 0.046250000000000006 0.05727699999999997
13 0.0675 0.4488265 0.05375 0.07323899999999994
13 0.1196875 0.5967135 0.03687499999999999 0.04600899999999997
13 0.16562500000000002 0.3422535 0.035 0.04413100000000004
13 0.1734375 0.6004695000000001 0.03187499999999999 0.04225299999999994
13 0.20406249999999998 0.359155 0.029375000000000012 0.04037599999999999
13 0.20906249999999998 0.602817 0.029375000000000012 0.04319200000000003
13 0.24031249999999998 0.3741785000000001 0.026874999999999982 0.03849700000000004
13 0.24593749999999998 0.604695 0.02562499999999998 0.04319200000000003
13 0.2703125 0.384507 0.020625000000000004 0.03661999999999996
13 0.2759375 0.604695 0.026874999999999982 0.04319200000000003
13 0.2984375 0.3957745 0.023125000000000007 0.036618999999999985
13 0.3040625 0.60892 0.021874999999999978 0.03474200000000003
13 0.3259375 0.310329 0.03437499999999999 0.03474199999999999
13 0.3253125 0.40422500000000006 0.018125000000000002 0.030986
13 0.3265625 0.6098589999999999 0.015625 0.03661999999999996
13 0.3490625 0.415493 0.016874999999999973 0.03286400000000002
13 0.3540625 0.610798 0.021874999999999978 0.03474199999999995
13 0.37124999999999997 0.6117369999999999 0.012500000000000011 0.03286400000000002
13 0.3915625 0.2896715 0.02562500000000001 0.036619000000000027
13 0.39249999999999996 0.355399 0.023749999999999993 0.03286400000000002
13 0.3940625 0.41643199999999997 0.026874999999999982 0.030986
13 0.3978125 0.5422535 0.02437499999999998 0.032862999999999955
13 0.4040625 0.478404 0.014375000000000027 0.03286400000000002
13 0.4334375 0.2816905 0.041874999999999996 0.030046999999999994
13 0.4340625 0.347887 0.04062499999999997 0.03286400000000002
13 0.4353125 0.41126749999999995 0.04062500000000002 0.03192500000000001
13 0.436875 0.475587 0.04125000000000001 0.030986
13 0.4375 0.53662 0.04249999999999998 0.025352000000000045
13 0.48281250000000003 0.274648 0.04062500000000002 0.03286400000000002
13 0.48625 0.40845049999999994 0.04749999999999999 0.03380300000000002
13 0.4859375 0.34413150000000003 0.04187499999999994 0.03286300000000004
13 0.48750000000000004 0.471831 0.04250000000000004 0.030985999999999916
13 0.489375 0.5323945 0.04125000000000001 0.024413000000000035
13 0.5346875 0.270892 0.04437500000000005 0.029107999999999988
13 0.5365625 0.338498 0.04062500000000002 0.03286400000000002
13 0.5387500000000001 0.40422500000000006 0.04500000000000004 0.03286400000000002
13 0.54 0.468075 0.04500000000000004 0.030986000000000083
13 0.539375 0.5347420000000002 0.04125000000000001 0.03286400000000002
13 0.5971875 0.3267605 0.06562500000000004 0.04882700000000001
13 0.595 0.26431899999999997 0.06000000000000005 0.030986
13 0.598125 0.397183 0.05874999999999997 0.033801999999999964
13 0.598125 0.5276995 0.05874999999999997 0.03004699999999991
13 0.59875 0.46431900000000004 0.06000000000000005 0.027229999999999973