13 0.0095155 0.5028125 0.019031 0.37562500000000004
13 0.3698095 0.7225 0.035467000000000026 0.03249999999999997
13 0.43512100000000004 0.6025 0.06574399999999998 0.05625000000000002
13 0.5155710000000001 0.4771875 0.226644 0.04812499999999997
13 0.4329585 0.7315625 0.033736999999999975 0.05437500000000006
13 0.43295849999999997 0.6753125 0.02854700000000006 0.04812499999999997
13 0.50519 0.6146875 0.06401400000000008 0.0568749999999999
13 0.507353 0.69 0.03027600000000002 0.05625000000000002
13 0.507353 0.7528125 0.03027600000000002 0.0631250000000001
13 0.5865049999999999 0.6215625 0.06574399999999998 0.06687500000000002
13 0.5899655 0.7015625000000001 0.039793 0.06312499999999999
13 0.5899655 0.776875 0.039793 0.06000000000000005
13 0.6656575 0.39249999999999996 0.03546699999999995 0.01874999999999999
13 0.699827 0.635 0.084776 0.07000000000000006
13 0.670848 0.48062499999999997 0.01643599999999986 0.04750000000000004
13 0.71064 0.72125 0.04930800000000004 0.061249999999999916
13 0.7002594999999999 0.47875 0.02335699999999999 0.05125000000000002
13 0.7404845 0.47875 0.01903100000000001 0.05499999999999999
13 0.8784600000000001 0.4796875 0.18252599999999988 0.05312499999999998
13 0.820502 0.6265625 0.047577999999999995 0.04937499999999995