2 0.1765625 0.790417 0.294375 0.23749999999999996
2 0.038125 0.7945829999999999 0.07625 0.12750000000000009
2 0.10843749999999999 0.664583 0.061875 0.04249999999999998
2 0.1665625 0.6625 0.06437500000000002 0.050000000000000044
2 0.19374999999999998 0.9037499999999999 0.037500000000000006 0.19083400000000017
2 0.23062500000000002 0.7270835 0.06875 0.185833
2 0.3146875 0.7525000000000001 0.08687500000000004 0.211666
2 0.5484375 0.7016665 0.05812499999999998 0.16833299999999993
2 0.556875 0.7454170000000001 0.0675 0.18750000000000008
2 0.6409374999999999 0.7987500000000001 0.12687499999999996 0.4008340000000001
2 0.7059375 0.6766665 0.08437500000000009 0.09166700000000001
2 0.7596875 0.8649999999999999 0.17312499999999997 0.26833400000000013
2 0.8209375 0.9700000000000001 0.109375 0.05833400000000003
2 0.8643749999999999 0.678333 0.0675 0.06999999999999999
2 0.98875 0.7075 0.02124999999999999 0.125