2 0.2159375 0.8498114999999999 0.22812500000000002 0.2984929999999999
2 0.3028125 0.7542374999999999 0.18312499999999998 0.30885100000000004
2 0.420625 0.9279659999999998 0.19625000000000004 0.14218399999999998
2 0.3834375 0.516949 0.06562499999999999 0.158192
2 0.44625000000000004 0.507533 0.065 0.158192
2 0.4909375 0.574388 0.08812500000000001 0.21845599999999998
2 0.5453125000000001 0.7156309999999999 0.12312500000000004 0.3088519999999999
2 0.599375 0.8323915 0.16125 0.33333299999999993
2 0.575625 0.6031075 0.0625 0.209981
2 0.6203125 0.547081 0.03187499999999999 0.19962400000000002
2 0.6799999999999999 0.5037665 0.09249999999999992 0.161959
2 0.731875 0.6233525 0.11625000000000008 0.26553699999999997
2 0.7703125 0.6892655000000001 0.13937499999999992 0.30131899999999995
2 0.8440624999999999 0.5880415000000001 0.11312500000000003 0.19868100000000005
2 0.9478125 0.683145 0.10312500000000002 0.2589459999999999