2 0.021875 0.2834725 0.04375 0.03974899999999999
2 0.085156 0.583682 0.170312 0.39330600000000004
2 0.0671875 0.3933055 0.131249 0.22175699999999995
2 0.2437495 0.4382845 0.09062499999999998 0.299163
2 0.34375 0.5815895 0.21875 0.3765689999999999
2 0.4304685 0.7761505000000001 0.32968699999999995 0.443515
2 0.4960935 0.46338949999999995 0.089063 0.2907949999999999
2 0.6015625 0.337866 0.1124989999999999 0.15271999999999994
2 0.6882815 0.39330550000000003 0.151563 0.18410100000000004
2 0.7609375 0.337866 0.11562499999999998 0.14016799999999996
2 0.8882815 0.39330550000000003 0.1578130000000001 0.17991700000000008
2 0.948438 0.5177825 0.10000000000000009 0.19456100000000004