2 0.034375 0.9329170000000001 0.06875 0.13250000000000015
2 0.0403125 0.735 0.05437500000000001 0.2666660000000001
2 0.15718749999999998 0.49499999999999994 0.06062500000000001 0.04666600000000002
2 0.188125 0.6620834999999999 0.10500000000000001 0.24416699999999988
2 0.2965625 0.73875 0.08187500000000003 0.3774999999999999
2 0.3225 0.4816665 0.08374999999999999 0.04666700000000009
2 0.3503125 0.56125 0.10312499999999997 0.11249999999999998
2 0.3921875 0.779167 0.171875 0.375
2 0.35 0.4570835 0.04125000000000001 0.024166999999999977
2 0.4059375 0.44 0.06187500000000001 0.045000000000000075
2 0.458125 0.564583 0.11250000000000004 0.09750000000000007
2 0.48843749999999997 0.54125 0.11062499999999997 0.08250000000000002
2 0.5465625000000001 0.46833349999999996 0.030625000000000013 0.053333
2 0.5478125 0.45375000000000004 0.03312499999999996 0.07250000000000001
2 0.6725 0.8150000000000001 0.19500000000000006 0.3683340000000001
2 0.65375 0.5354169999999999 0.11625000000000008 0.0774999999999999
2 0.6459375 0.47916700000000007 0.0568749999999999 0.045000000000000005
2 0.6509375 0.496667 0.05437499999999995 0.034999999999999996
2 0.7640625 0.95125 0.161875 0.09583399999999997
2 0.753125 0.5158335 0.10875000000000001 0.136667
2 0.8653124999999999 0.41416649999999994 0.26812500000000006 0.088333
2 0.9034375 0.7766670000000001 0.19187500000000002 0.36999999999999994
2 0.8753124999999999 0.6516665 0.10187500000000005 0.29666700000000007
2 0.90375 0.5308335 0.125 0.15833300000000006
2 0.936875 0.8083329999999999 0.125 0.3
2 0.9853125 0.5704165 0.028125000000000067 0.08583300000000005