13 0.089375 0.7544910000000001 0.1475 0.23438799999999996
13 0.08 0.9349875 0.16 0.12831499999999998
13 0.080625 0.336185 0.16125 0.15055600000000002
13 0.081875 0.1377245 0.16375 0.14713500000000002
13 0.081875 0.527374 0.16375 0.14799
13 0.59875 0.05432 0.7475 0.10864
13 0.40874999999999995 0.15996549999999998 0.36374999999999996 0.12147100000000001
13 0.443125 0.9422584999999999 0.35375 0.11377299999999993
13 0.44375 0.744226 0.31375 0.14200200000000013
13 0.7896875 0.20359249999999998 0.40812500000000007 0.12489300000000003
13 0.8525 0.3879385 0.29375000000000007 0.12403699999999998
13 0.8775 0.5701455 0.24375000000000002 0.1240369999999999
13 0.8909374999999999 0.7613344999999999 0.21687500000000004 0.13173700000000002
13 0.8934375 0.9396920000000001 0.21187500000000004 0.11548400000000003