13 0.936875 0.25375 0.08624999999999994 0.15583400000000003
13 0.0121875 0.6224999999999999 0.019375 0.08500000000000012
13 0.0134375 0.5391665 0.019375 0.05166699999999991
13 0.0159375 0.39250000000000007 0.021875 0.04833400000000002
13 0.0165625 0.46083349999999995 0.023125 0.05333299999999993
13 0.0378125 0.5991665 0.024375000000000004 0.051666999999999984
13 0.0415625 0.52 0.021875 0.055000000000000014
13 0.051875000000000004 0.37541699999999995 0.03250000000000001 0.0625
13 0.0528125 0.4458335 0.020624999999999998 0.051666999999999984
13 0.07343749999999999 0.5866669999999999 0.025624999999999995 0.0499999999999999
13 0.07718749999999999 0.5133329999999999 0.033125 0.05499999999999994
13 0.0821875 0.42708299999999993 0.028124999999999997 0.0625
13 0.08875 0.35458349999999994 0.026249999999999996 0.07583300000000004
13 0.15281250000000002 0.6804169999999999 0.05562500000000001 0.07249999999999994
13 0.1540625 0.5820835 0.048125 0.06916699999999991
13 0.1615625 0.48291649999999997 0.050625 0.06416700000000002
13 0.166875 0.37999999999999995 0.04999999999999999 0.10499999999999994
13 0.20124999999999998 0.5695835 0.03624999999999998 0.07916699999999999
13 0.200625 0.6720830000000001 0.03 0.07749999999999997
13 0.20437499999999997 0.46916650000000004 0.0325 0.08833300000000006
13 0.2121875 0.355833 0.03187499999999999 0.10499999999999998
13 0.2825 0.66125 0.06 0.08583399999999997
13 0.2875 0.43916700000000003 0.04624999999999996 0.10000000000000002
13 0.29093749999999996 0.32375000000000004 0.050624999999999976 0.07583400000000003
13 0.29156249999999995 0.5516665 0.049375 0.09166700000000001
13 0.3515625 0.65 0.06062500000000004 0.09500000000000004
13 0.3559375 0.5275 0.06187500000000001 0.09499999999999997
13 0.3571875 0.40583349999999996 0.06187500000000001 0.10166700000000002
13 0.3578125 0.29333349999999997 0.060624999999999984 0.10166699999999995
13 0.4309375 0.6362500000000001 0.06937500000000002 0.10916599999999994
13 0.4296875 0.3879165 0.06437499999999996 0.12583299999999994
13 0.4315625 0.50625 0.06812499999999999 0.10750000000000008
13 0.4321875 0.2541665 0.06687500000000002 0.101667
13 0.5440625 0.57875 0.07062499999999994 0.11749999999999994
13 0.52875 0.445 0.03749999999999998 0.09499999999999997
13 0.5246875 0.32 0.026874999999999982 0.09666600000000003
13 0.55125 0.304583 0.036250000000000004 0.09250000000000003
13 0.5603125 0.43583350000000004 0.030625000000000013 0.09666699999999999
13 0.593125 0.2908335 0.040000000000000036 0.09333300000000007
13 0.59875 0.42874999999999996 0.03374999999999995 0.09249999999999996
13 0.603125 0.5725 0.03875000000000006 0.108334
13 0.629375 0.27625000000000005 0.03749999999999998 0.09750000000000003
13 0.634375 0.4108335 0.040000000000000036 0.11166700000000003
13 0.636875 0.560833 0.04249999999999998 0.10499999999999998
13 0.6637500000000001 0.2608335 0.03874999999999995 0.09166700000000001
13 0.67125 0.5491665 0.03875000000000006 0.106667
13 0.6725 0.4020835 0.03374999999999995 0.10916700000000001
13 0.7068749999999999 0.24416649999999998 0.03749999999999998 0.09666699999999999
13 0.7146874999999999 0.38916700000000004 0.05062500000000003 0.10999999999999995
13 0.7268749999999999 0.5433335 0.04375000000000007 0.12166700000000004
13 0.745625 0.2275 0.03749999999999998 0.10333400000000004
13 0.763125 0.375 0.04625000000000001 0.106666
13 0.765 0.5329165 0.040000000000000036 0.11916700000000002
13 0.811875 0.19541699999999998 0.03875000000000006 0.11249999999999998
13 0.825625 0.35458300000000004 0.04749999999999999 0.11750000000000001
13 0.8400000000000001 0.518333 0.04500000000000004 0.12000000000000004
13 0.9478125 0.47500000000000003 0.05937500000000007 0.14500000000000002