2 0.8711695 0.4791665 0.167605 0.34333300000000005
2 0.0559725 0.49874999999999997 0.111945 0.2874999999999999
2 0.133521 0.874167 0.267042 0.25
2 0.1666665 0.5808335 0.17698500000000003 0.411667
2 0.2829895 0.8608330000000001 0.096935 0.06499999999999995
2 0.429018 0.23124999999999998 0.016259999999999997 0.025833999999999985
2 0.438712 0.2254165 0.018135999999999985 0.02083299999999999
2 0.484365 0.3325 0.09693600000000002 0.19666600000000004
2 0.558474 0.3391665 0.07879999999999998 0.196667
2 0.6726080000000001 0.7991670000000001 0.23827399999999999 0.4000000000000001
2 0.598499 0.22041650000000002 0.04502800000000007 0.03416699999999995
2 0.6751095 0.3116665 0.05941300000000005 0.12333299999999998
2 0.710757 0.25666700000000003 0.068168 0.10000000000000002
2 0.754847 0.44541699999999995 0.11256999999999995 0.33249999999999996
2 0.749531 0.3216665 0.08192600000000005 0.15166700000000002
2 0.7360850000000001 0.2320835 0.04127599999999998 0.03083299999999996
2 0.7645405000000001 0.3566665 0.08567899999999995 0.161667
2 0.7911195 0.23583350000000003 0.03252100000000002 0.038332999999999985
2 0.805816 0.32875 0.05941200000000002 0.140834
2 0.9102565 0.7766670000000001 0.17823699999999998 0.4450000000000001
2 0.896811 0.29125 0.08630400000000005 0.07250000000000001
2 0.9781115 0.2808335 0.04252699999999998 0.10666700000000003