2 0.33999999999999997 0.5342159999999999 0.02999999999999997 0.14127999999999996
2 0.357083 0.5739515 0.04249999999999998 0.15894099999999992
2 0.372083 0.602649 0.05249999999999999 0.18101599999999998
2 0.44375 0.5960265 0.064166 0.18101499999999987
2 0.495 0.580574 0.05499999999999994 0.16335599999999992
2 0.5391665 0.554084 0.03833299999999995 0.15452599999999997
2 0.5583335 0.533113 0.031667 0.11699800000000005
2 0.548333 0.44702 0.010000000000000009 0.03311199999999994
2 0.5641665 0.4492275 0.01333300000000004 0.037526999999999956
2 0.58875 0.527594 0.03583399999999992 0.13245
2 0.6066665 0.5132450000000001 0.036667000000000005 0.11258199999999999