13 0.0390625 0.44037550000000003 0.059375000000000004 0.15399100000000007
13 0.042812499999999996 0.7051645 0.059375 0.202817
13 0.12031249999999999 0.689671 0.088125 0.1943660000000001
13 0.12593749999999998 0.45586850000000007 0.076875 0.18122100000000002
13 0.2215625 0.214554 0.114375 0.12488199999999998
13 0.19625 0.4497655 0.04999999999999999 0.15399100000000004
13 0.20125 0.7056334999999999 0.06 0.11737099999999996
13 0.318125 0.4694835000000001 0.15375000000000003 0.153991
13 0.4221875 0.5483565 0.04312499999999997 0.13896699999999998
13 0.48875 0.542723 0.04875000000000007 0.18028200000000005
13 0.5700000000000001 0.3530515 0.09875 0.10140900000000007
13 0.6290625 0.5615025 0.08812500000000001 0.15023499999999998
13 0.7462500000000001 0.6032865000000001 0.04625000000000001 0.1755870000000001
13 0.7821875 0.5901405 0.04312499999999997 0.12112699999999998
13 0.8378125000000001 0.40469449999999996 0.11687499999999995 0.086385
13 0.92625 0.8389669999999999 0.06499999999999995 0.18873199999999996
13 0.918125 0.6319245 0.043749999999999956 0.13708899999999996