13 0.07700000000000001 0.8848135 0.07400000000000001 0.14285699999999996
13 0.086 0.6248395 0.052000000000000005 0.13513500000000006
13 0.2465 0.42664050000000003 0.024999999999999994 0.07078500000000006
13 0.3 0.44401499999999994 0.02400000000000002 0.08494199999999993
13 0.33199999999999996 0.895753 0.055999999999999994 0.14414400000000008
13 0.3615 0.45431099999999996 0.029000000000000026 0.087516
13 0.436 0.41312699999999997 0.020000000000000018 0.07979400000000002
13 0.45699999999999996 0.5675675 0.04999999999999999 0.15186700000000003
13 0.4815 0.42471000000000003 0.02300000000000002 0.07979400000000002
13 0.5695 0.5900905 0.06299999999999994 0.14543099999999995
13 0.5525 0.43693649999999995 0.02299999999999991 0.07593300000000003
13 0.5954999999999999 0.44723300000000005 0.019000000000000017 0.09137800000000003