2 0.8690625000000001 0.4488885 0.14812499999999995 0.331111
2 0.0165625 0.3905555 0.033125 0.14111100000000004
2 0.036875000000000005 0.25222199999999995 0.058750000000000004 0.08444399999999999
2 0.371875 0.343889 0.057499999999999996 0.10777800000000005
2 0.444375 0.20611100000000002 0.04625000000000001 0.05444400000000001
2 0.47562499999999996 0.183889 0.04250000000000004 0.043333999999999984
2 0.4784375 0.22388899999999998 0.026874999999999982 0.03222200000000002
2 0.5978125 0.83 0.24062500000000003 0.3377779999999999
2 0.5215624999999999 0.4144445 0.083125 0.23555499999999993
2 0.5062500000000001 0.2583335 0.03500000000000003 0.03666699999999996
2 0.5231250000000001 0.22055550000000002 0.04250000000000009 0.02555500000000002
2 0.525625 0.2683335 0.040000000000000036 0.06111100000000001
2 0.5549999999999999 0.26944450000000003 0.039999999999999925 0.058889
2 0.6243749999999999 0.23000000000000004 0.04749999999999999 0.03333400000000002
2 0.6543749999999999 0.35222200000000004 0.03874999999999995 0.095556
2 0.6746875 0.312778 0.07187499999999991 0.13222199999999995
2 0.674375 0.22888899999999998 0.04500000000000004 0.02666599999999998
2 0.68375 0.34277799999999997 0.053749999999999964 0.132222
2 0.7009375 0.27333349999999995 0.03187499999999999 0.02888899999999999
2 0.7625 0.172778 0.03749999999999998 0.02555600000000001
2 0.7721875 0.19833299999999998 0.028124999999999956 0.030000000000000002
2 0.7759375 0.22888899999999998 0.028125000000000067 0.02666599999999998
2 0.7796875 0.23777749999999997 0.028124999999999956 0.031110999999999986
2 0.799375 0.26944450000000003 0.05124999999999991 0.06333300000000003
2 0.7928125 0.4255555 0.03562500000000002 0.293333
2 0.830625 0.2594445 0.04999999999999993 0.061110999999999964
2 0.8418749999999999 0.2472225 0.04500000000000004 0.06333299999999999
2 0.938125 0.23111099999999998 0.06499999999999995 0.026666000000000006
2 0.93625 0.356111 0.05625000000000002 0.23222199999999996