13 0.1875 0.505625 0.07666600000000003 0.11749999999999994
13 0.1975 0.66875 0.061666 0.08500000000000008
13 0.19958299999999998 0.35124999999999995 0.052500000000000026 0.07500000000000001
13 0.2270835 0.223125 0.03416699999999998 0.023749999999999993
13 0.3895835 0.655 0.06416700000000002 0.07874999999999999
13 0.38583300000000004 0.224375 0.055000000000000014 0.018750000000000017
13 0.3879165 0.3265625 0.05916699999999997 0.05687500000000001
13 0.5454165 0.1846875 0.04583300000000001 0.02562500000000001
13 0.58375 0.315625 0.05916600000000013 0.07874999999999999
13 0.5908335 0.47875 0.06333300000000008 0.08874999999999994
13 0.5983335 0.6540625 0.06166699999999999 0.09062499999999996
13 0.7929165 0.32499999999999996 0.04583300000000001 0.08000000000000002
13 0.8054164999999999 0.4815625 0.03916699999999995 0.08437500000000003
13 0.818333 0.6521874999999999 0.045000000000000075 0.08562499999999995
13 0.9570835 0.3590625 0.05416699999999993 0.07687500000000003
13 0.9683335 0.504375 0.0416669999999999 0.07374999999999998
13 0.9804170000000001 0.6553125 0.03750000000000009 0.06812499999999999