2 0.0170835 0.485625 0.034167 0.07
2 0.0570835 0.34125000000000005 0.114167 0.15375
2 0.1070835 0.45125 0.10916700000000001 0.22375
2 0.1695835 0.6665625 0.22083300000000003 0.2443749999999999
2 0.2041665 0.34625 0.11166700000000002 0.16374999999999995
2 0.27999999999999997 0.27718750000000003 0.09166599999999998 0.128125
2 0.30208299999999993 0.339375 0.1025 0.13624999999999998
2 0.3633335 0.433125 0.161667 0.20875
2 0.38000000000000006 0.5606249999999999 0.17666600000000002 0.19374999999999998
2 0.7799999999999999 0.281875 0.06166599999999992 0.10750000000000001
2 0.8095835 0.49125 0.07916699999999999 0.06500000000000006
2 0.862083 0.40875 0.14749999999999996 0.12124999999999997
2 0.841667 0.27 0.07500000000000018 0.08375000000000002
2 0.9395830000000002 0.2890625 0.09749999999999999 0.114375
2 0.9608335 0.34375 0.07666700000000004 0.14875000000000005
2 0.9654170000000001 0.4 0.06750000000000005 0.135
2 0.976667 0.5 0.045000000000000075 0.06125000000000003