13 0.8512500000000001 0.7141665000000001 0.022500000000000075 0.04666700000000009
13 0.8534375000000001 0.7883334999999999 0.02312499999999995 0.04666700000000009
13 0.8559375 0.8583335000000001 0.023125000000000062 0.041667000000000044
13 0.8887499999999999 0.713333 0.025000000000000022 0.04499999999999993
13 0.8921875 0.7883334999999999 0.023125000000000062 0.043333000000000066
13 0.8946875000000001 0.8608330000000001 0.018125000000000058 0.03999999999999989
13 0.9309375 0.858333 0.02312499999999995 0.04499999999999993
13 0.9303125 0.7116665000000001 0.016874999999999973 0.038332999999999874
13 0.9321875 0.7866664999999999 0.015625 0.04333299999999992
13 0.968125 0.7158335 0.023749999999999938 0.04666699999999994
13 0.9703124999999999 0.7866664999999999 0.01937500000000003 0.04333299999999992
13 0.9721875 0.8616665000000001 0.020625000000000004 0.0416669999999999