13 0.28625 0.538333 0.09124999999999997 0.25999999999999995
13 0.4315625 0.655 0.046875 0.14500000000000002
13 0.5296875000000001 0.65125 0.030625000000000013 0.1408339999999999
13 0.6271875 0.41125000000000006 0.03187499999999999 0.125834
13 0.6331249999999999 0.6333335 0.03874999999999995 0.17333300000000004
13 0.6821875 0.43208350000000006 0.025624999999999898 0.12916700000000003
13 0.69 0.6383329999999999 0.03125 0.15000000000000005
13 0.7403124999999999 0.45666650000000003 0.018125000000000058 0.11333299999999998
13 0.7446875 0.633333 0.01937500000000003 0.11499999999999999
13 0.7771874999999999 0.4741665 0.021874999999999978 0.106667
13 0.7865625 0.6575 0.020625000000000004 0.10499999999999998
13 0.8146875 0.6554165 0.014375000000000027 0.029167000000000092
13 0.8340624999999999 0.6529170000000001 0.011874999999999969 0.027500000000000007
13 0.8559375 0.6529165 0.009375000000000022 0.03416700000000006
13 0.9184375 0.5750000000000001 0.015625 0.0499999999999999
13 0.9253125 0.6566664999999999 0.01937500000000003 0.051666999999999984
13 0.9403125 0.5775 0.018124999999999947 0.04499999999999993
13 0.9440625 0.6575000000000001 0.018124999999999947 0.046666000000000096