17 0.30859375 0.6890625 0.2265625 0.5109375
17 0.08359375 0.67890625 0.1640625 0.5703125
17 0.6390625 0.7140625 0.2625 0.571875
17 0.90234375 0.7 0.1890625 0.5609375
17 0.6234375 0.38203125 0.2125 0.375
17 0.40703125 0.4125 0.1953125 0.4421875
17 0.8296875 0.34296875 0.178125 0.353125
17 0.19921875 0.3640625 0.1953125 0.4
17 0.45234375 0.2234375 0.1609375 0.353125
17 0.6328125 0.215625 0.1625 0.3203125
17 0.80546875 0.19609375 0.1765625 0.33125
17 0.925 0.19140625 0.15 0.3109375
17 0.30546875 0.128125 0.2265625 0.25625