13 0.44 0.3625 0.88 0.725
13 0.8174999999999999 0.028332999999999997 0.0675 0.049999999999999996
13 0.821875 0.08750000000000001 0.06125000000000003 0.038333999999999986
13 0.845 0.14333300000000002 0.025000000000000022 0.03000000000000001
13 0.89875 0.0141665 0.07250000000000001 0.028333
13 0.9 0.07416650000000001 0.07499999999999996 0.048332999999999994
13 0.900625 0.13749999999999998 0.07125000000000004 0.044999999999999984
13 0.9099999999999999 0.205 0.06500000000000006 0.05333399999999999
13 0.91875 0.339167 0.05500000000000005 0.045000000000000075
13 0.91875 0.2716665 0.04749999999999999 0.046667000000000014
13 0.920625 0.4016665 0.04874999999999996 0.053333
13 0.968125 0.0083335 0.05125000000000002 0.016667
13 0.971875 0.055 0.053750000000000075 0.046666000000000006
13 0.97375 0.12333349999999998 0.050000000000000044 0.04333299999999999
13 0.97375 0.18666649999999999 0.050000000000000044 0.04333299999999999
13 0.9762500000000001 0.26 0.04500000000000004 0.040000000000000036
13 0.97875 0.3275 0.040000000000000036 0.04833400000000002