13 0.0373335 0.6039915 0.053333000000000005 0.06932700000000003
13 0.11733300000000002 0.48004199999999997 0.032 0.03151200000000004
13 0.152 0.387605 0.021334 0.03151200000000004
13 0.173333 0.752101 0.04800000000000002 0.08403399999999994
13 0.188 0.601891 0.04533399999999998 0.06932799999999995
13 0.32133300000000004 0.362395 0.02399999999999996 0.04411799999999999
13 0.32533300000000004 0.464286 0.03199999999999998 0.054622000000000004
13 0.3266665 0.59979 0.03466699999999997 0.06932799999999995
13 0.328 0.7289915 0.032000000000000015 0.07142899999999996
13 0.4253335 0.597689 0.050666999999999976 0.06932800000000006
13 0.4426665 0.7384455 0.058667 0.10714299999999999
13 0.486667 0.4642855 0.07199999999999998 0.04621900000000001
13 0.502667 0.595588 0.05600000000000001 0.08613399999999993
13 0.616 0.5966385000000001 0.08000000000000014 0.09243699999999999
13 0.62 0.733193 0.05066600000000004 0.07562999999999998
13 0.64 0.447479 0.069334 0.06722600000000001
13 0.8626665 0.5840335 0.16266699999999992 0.10924299999999998
13 0.876 0.42437 0.10400000000000013 0.07563000000000003