1 0.0710935 0.1177085 0.067187 0.235417
1 0.303125 0.2708335 0.03125 0.241667
1 0.338281 0.7989584999999999 0.082812 0.32291699999999995
1 0.329688 0.6489585 0.0625 0.11041699999999999
1 0.35078149999999997 0.27604200000000007 0.07031300000000001 0.21875000000000003
1 0.42265600000000003 0.7229170000000001 0.06718799999999997 0.18750000000000008
1 0.423437 0.5968749999999999 0.06874999999999998 0.047915999999999924
1 0.4242185 0.2802085 0.07031299999999996 0.22708299999999995
1 0.53125 0.22187500000000002 0.103124 0.11458400000000002
1 0.639844 0.22395849999999998 0.10781200000000002 0.12291699999999994
1 0.8046875 0.557292 0.1749989999999999 0.50625
1 0.8109375 0.2260415 0.171875 0.172917
1 0.7984375 0.6666664999999999 0.05625100000000005 0.0916670000000001
1 0.7999995 0.741667 0.034375000000000044 0.0625
1 0.8726565 0.8625000000000002 0.11406299999999991 0.27083399999999996
1 0.880469 0.763542 0.09843799999999991 0.18125000000000005
1 0.955469 0.9302085 0.08593800000000007 0.1354169999999999
1 0.9632815 0.1041665 0.07031300000000007 0.195833