2 0.881875 0.7041200000000001 0.16125 0.27715400000000007
2 0.03 0.6999065 0.06 0.1170409999999999
2 0.32187499999999997 0.891386 0.5237499999999999 0.21535600000000013
2 0.139375 0.6395129999999999 0.10999999999999999 0.1610480000000001
2 0.1028125 0.422753 0.011874999999999997 0.02715400000000006
2 0.286875 0.6376404999999999 0.16875 0.22659100000000001
2 0.2228125 0.5266855 0.03562500000000002 0.036517000000000056
2 0.38875 0.6399809999999999 0.0625 0.18633000000000002
2 0.4065625 0.46488799999999997 0.06312499999999999 0.02340800000000002
2 0.4234375 0.41058050000000007 0.02437499999999998 0.03838900000000003
2 0.4596875 0.387172 0.02062499999999995 0.05149799999999994
2 0.5071875 0.472378 0.03562500000000002 0.08520599999999995
2 0.7634375 0.9564609999999999 0.276875 0.08520600000000011