1 0.32109350000000003 0.1385415 0.054686999999999986 0.277083
1 0.38359350000000003 0.1375 0.054686999999999986 0.275
1 0.4320315 0.48125 0.07656299999999999 0.06666599999999996
1 0.4437505 0.1427085 0.07187500000000002 0.285417
1 0.4429685 0.6031249999999999 0.057813 0.18125
1 0.5140625 0.1416665 0.059374999999999956 0.283333
1 0.5929685 0.09479149999999999 0.07968700000000006 0.18958299999999997
1 0.6125 0.497917 0.084376 0.0625
1 0.6148435000000001 0.5812499999999999 0.089063 0.09166599999999996
1 0.6789065000000001 0.09270850000000001 0.07968699999999995 0.18541700000000003
1 0.6851560000000001 0.515625 0.042188 0.052084000000000095
1 0.6851565 0.584375 0.035937 0.077084