13 0.479375 0.37853099999999995 0.08374999999999999 0.2259879999999999
13 0.009375 0.31450100000000003 0.01875 0.19209
13 0.01375 0.0630885 0.0275 0.126177
13 0.198125 0.611111 0.07125000000000001 0.17514200000000002
13 0.204375 0.40301299999999995 0.07124999999999998 0.18832400000000002
13 0.33187500000000003 0.630885 0.06624999999999998 0.20338999999999993
13 0.338125 0.3954805 0.06625000000000003 0.18079099999999998
13 0.608125 0.40113 0.07374999999999998 0.18455800000000003
13 0.62125 0.631827 0.08250000000000002 0.20904
13 0.73125 0.3935965 0.06999999999999995 0.18079099999999998
13 0.7375 0.6421845 0.0625 0.22598900000000002
13 0.77 0.27495299999999995 0.022499999999999964 0.30508399999999997
13 0.815 0.22222199999999998 0.04500000000000004 0.36534799999999995
13 0.86375 0.177966 0.04499999999999993 0.355932
13 0.93875 0.1468925 0.050000000000000044 0.293785