1 0.008125 0.4484055 0.01625 0.08067499999999998
1 0.0153125 0.447936 0.030625 0.09286999999999998
1 0.08687500000000001 0.846623 0.16875 0.3048779999999999
1 0.046875 0.4826455 0.05124999999999999 0.04033699999999997
1 0.0521875 0.4380865 0.061875 0.07129499999999998
1 0.055 0.48733600000000005 0.06375 0.136022
1 0.049062499999999995 0.5267354999999999 0.046875 0.044090999999999984
1 0.101875 0.531426 0.04999999999999999 0.03846199999999999
1 0.11 0.4939025 0.06375 0.11913700000000006
1 0.105625 0.49577850000000007 0.04749999999999999 0.04784299999999997
1 0.10999999999999999 0.4582555 0.04375 0.05347099999999999
1 0.14125 0.546435 0.035 0.02345200000000001
1 0.14625 0.5215759999999999 0.04500000000000001 0.026266000000000022
1 0.1490625 0.49671699999999996 0.03937500000000002 0.02345200000000001
1 0.15812500000000002 0.49296400000000007 0.05500000000000002 0.10975600000000008
1 0.1528125 0.4582555 0.03937499999999999 0.05347099999999999
1 0.2534375 0.5544089999999999 0.12062499999999998 0.133208
1 0.28812499999999996 0.500938 0.14875 0.153846
1 0.3346875 0.5375235 0.070625 0.07879899999999995
1 0.37906249999999997 0.5403374999999999 0.05937500000000001 0.07879899999999995
1 0.398125 0.5459665 0.05874999999999997 0.09943700000000004
1 0.7825 0.5792685000000001 0.20750000000000002 0.11726099999999993
1 0.7075 0.48639750000000004 0.04749999999999999 0.12288900000000005
1 0.7665625 0.4826455 0.06562499999999993 0.11538499999999999
1 0.826875 0.47561000000000003 0.057499999999999996 0.12945600000000002
1 0.9165625 0.5431520000000001 0.05812500000000009 0.09380800000000004