2 0.1046875 0.9086650000000001 0.209375 0.17798600000000017
2 0.121094 0.741218 0.242188 0.41451999999999994
2 0.070313 0.507026 0.056249999999999994 0.07260000000000001
2 0.1015625 0.5819675000000001 0.09062500000000001 0.15222499999999992
2 0.1164065 0.5772835000000001 0.120313 0.14754100000000003
2 0.33906250000000004 0.765808 0.290625 0.41217800000000004
2 0.327344 0.6932084999999999 0.182812 0.32318499999999994
2 0.3375 0.529274 0.09062399999999998 0.06088999999999993
2 0.4054685 0.5175645 0.03281299999999998 0.05152299999999997
2 0.5062495 0.5702575000000001 0.05937500000000001 0.1428569999999999
2 0.7929685 0.765808 0.14218699999999995 0.38875800000000005