13 0.203125 0.209375 0.06874999999999998 0.177084
13 0.521875 0.5078125 0.035938000000000025 0.18437499999999987
13 0.5625 0.249479 0.01718799999999998 0.17395799999999997
13 0.5921875000000001 0.522396 0.02343700000000004 0.1614580000000001
13 0.5925785 0.214583 0.02421899999999999 0.0625
13 0.6468750000000001 0.5062500000000001 0.02343799999999996 0.08749999999999998
13 0.6902345000000001 0.5203125 0.022657000000000038 0.09687499999999998
13 0.7761720000000001 0.560417 0.03046800000000005 0.0625
13 0.9195310000000001 0.343229 0.025000000000000022 0.07604199999999994
13 0.9460935 0.34375 0.028124999999999956 0.07499999999999991
13 0.9921875 0.3505205 0.014062999999999937 0.078125