2 0.09583300000000002 0.73125 0.15000000000000002 0.10750000000000004
2 0.18166650000000004 0.8899999999999999 0.25833300000000003 0.21250000000000002
2 0.1708335 0.6921875 0.113333 0.12812499999999993
2 0.21999999999999997 0.77125 0.148334 0.16749999999999998
2 0.3141665 0.8621875 0.191667 0.20187500000000003
2 0.45916700000000005 0.7440625 0.13000000000000003 0.150625
2 0.47375000000000006 0.6725 0.09583399999999997 0.10250000000000004
2 0.6320830000000001 0.8346875 0.21250000000000005 0.239375
2 0.5866665000000001 0.6759375 0.09333300000000004 0.09937499999999999
2 0.6891664999999999 0.6809375 0.09333300000000004 0.11562499999999998
2 0.8187500000000001 0.7090625 0.12916599999999998 0.161875
2 0.7983330000000001 0.6315625 0.07500000000000002 0.08187500000000003
2 0.9654170000000001 0.7671875 0.06750000000000005 0.16937500000000005