13 0.275153 0.4815625 0.023621999999999997 0.043125000000000024
13 0.289589 0.43781250000000005 0.027996000000000017 0.03437499999999999
13 0.3027125 0.39031249999999995 0.026247000000000048 0.03437499999999999
13 0.31189849999999997 0.4859375 0.035871000000000056 0.04812500000000003
13 0.3158355 0.35 0.03324499999999996 0.03875000000000001
13 0.328084 0.43375 0.033246000000000005 0.036250000000000004
13 0.33289599999999997 0.308125 0.028871999999999943 0.04125000000000001
13 0.504812 0.2621875 0.36395399999999994 0.519375
13 0.344707 0.38531249999999995 0.033246000000000005 0.044375
13 0.35170599999999996 0.26375 0.027995999999999938 0.04124999999999998
13 0.3626424999999999 0.3346875 0.03062099999999999 0.03562499999999996
13 0.37795300000000004 0.2903125 0.033246000000000005 0.03562499999999996
13 0.3932635 0.2440625 0.03587099999999997 0.03937499999999999
13 0.5144354999999999 0.515625 0.03849499999999999 0.05624999999999997
13 0.5419945 0.5146875 0.03587099999999997 0.06812499999999994
13 0.5503064999999999 0.4209375 0.038495000000000064 0.06187500000000001
13 0.564742 0.515625 0.023622000000000035 0.07
13 0.5717409999999999 0.42593749999999997 0.0376200000000001 0.05437500000000001
13 0.5778650000000001 0.31156249999999996 0.04111999999999996 0.08937500000000004
13 0.6146105000000001 0.29781250000000004 0.06736700000000005 0.09562500000000002
13 0.5979875 0.52 0.028871000000000098 0.06874999999999998
13 0.6014875 0.4190625 0.03587099999999997 0.05812499999999998
13 0.6097985 0.224375 0.03849499999999999 0.06500000000000003
13 0.629046 0.4184375 0.04724400000000007 0.06687500000000002
13 0.660105 0.291875 0.09536399999999999 0.0975
13 0.637358 0.12875 0.04112000000000004 0.07125
13 0.6399825 0.5225 0.03587099999999997 0.07374999999999998
13 0.6412950000000001 0.21 0.033246000000000005 0.06
13 0.6653545 0.4140625 0.042868999999999935 0.08562499999999995
13 0.664917 0.121875 0.033246000000000005 0.06875
13 0.669729 0.19968750000000002 0.03762000000000002 0.06687499999999999
13 0.6951005 0.46718750000000003 0.049868999999999886 0.07187500000000002
13 0.697288 0.10500000000000001 0.031495999999999996 0.06500000000000002
13 0.7055994999999999 0.1878125 0.034120999999999964 0.06687499999999999
13 0.720035 0.383125 0.04374399999999998 0.07874999999999999
13 0.7296590000000001 0.468125 0.04724400000000007 0.07000000000000006
13 0.736658 0.08625000000000001 0.03849599999999987 0.061250000000000006
13 0.7401575 0.1765625 0.045494999999999945 0.071875
13 0.74147 0.289375 0.037619999999999945 0.057499999999999996
13 0.7524059999999999 0.3721875 0.045493999999999986 0.06687500000000002
13 0.7620299999999999 0.46468750000000003 0.045493999999999826 0.07687500000000003
13 0.769029 0.07500000000000001 0.0542440000000001 0.06625
13 0.7725285 0.2859375 0.03324500000000012 0.06812499999999999
13 0.7882764999999999 0.36625 0.05074299999999997 0.07874999999999999
13 0.7965875 0.505 0.04811900000000004 0.08000000000000002
13 0.7930885000000001 0.2109375 0.021872999999999986 0.03437499999999999
13 0.818023 0.27218749999999997 0.04724399999999991 0.071875
13 0.82021 0.405 0.04811799999999992 0.07875000000000004
13 0.8538930000000001 0.30874999999999997 0.04724400000000007 0.07
13 0.8779524999999999 0.2128125 0.04811900000000004 0.07687499999999997
13 0.902887 0.5090625 0.045493999999999986 0.09562500000000002
13 0.9186350000000001 0.400625 0.06649200000000001 0.09750000000000003
13 0.913823 0.2009375 0.04287000000000005 0.083125
13 0.9553805 0.6296875 0.08748900000000007 0.14187500000000008
13 0.961505 0.283125 0.043743999999999894 0.09375000000000003
13 0.9693790000000001 0.4709375 0.05949199999999997 0.10062499999999996
13 0.9899385 0.3359375 0.018373000000000125 0.09687500000000004