2 0.10750000000000001 0.6920835000000002 0.0475 0.12416700000000007
2 0.13 0.715417 0.07250000000000001 0.13249999999999992
2 0.1559375 0.7404169999999999 0.06937499999999999 0.13750000000000004
2 0.1565625 0.6170835 0.029375000000000012 0.025832999999999995
2 0.18625 0.6129165 0.03999999999999998 0.020832999999999952
2 0.2603125 0.717083 0.05937499999999998 0.13249999999999998
2 0.2559375 0.6062500000000001 0.024375000000000008 0.034165999999999995
2 0.281875 0.66125 0.04749999999999999 0.11416599999999999
2 0.3109375 0.59125 0.020625000000000004 0.03250000000000012
2 0.31937499999999996 0.6241665 0.03750000000000003 0.05666700000000002
2 0.3390625 0.6420835 0.05687500000000001 0.07583299999999997
2 0.35562499999999997 0.7216670000000001 0.07624999999999998 0.11000000000000003
2 0.3346875 0.57625 0.02437499999999998 0.022500000000000114
2 0.3621875 0.6862499999999999 0.055625000000000036 0.09083400000000001
2 0.3671875 0.5629165 0.021874999999999978 0.0241669999999999
2 0.38125 0.6416665 0.044999999999999984 0.10166699999999995
2 0.39593750000000005 0.5675 0.018125000000000002 0.040000000000000036
2 0.43625 0.6395835000000001 0.048750000000000016 0.09416700000000004
2 0.4834375 0.6845829999999999 0.06312499999999999 0.11249999999999998
2 0.4896875 0.6645835 0.021874999999999978 0.11083300000000003
2 0.5221875 0.7062500000000002 0.06562500000000004 0.12416599999999993
2 0.515625 0.5941664999999999 0.034999999999999976 0.051666999999999984
2 0.5328124999999999 0.5904164999999999 0.020625000000000004 0.03083299999999996
2 0.5621875000000001 0.6525 0.048125000000000084 0.09333400000000003
2 0.5465625000000001 0.56875 0.014374999999999916 0.029166000000000025
2 0.5790625 0.7174999999999999 0.05062500000000003 0.13333399999999992
2 0.6174999999999999 0.6045834999999999 0.03500000000000003 0.02083300000000003
2 0.6396875 0.7258334999999999 0.073125 0.13333300000000006
2 0.62375 0.6129165 0.036250000000000004 0.020832999999999952
2 0.673125 0.7104165 0.06874999999999998 0.12583300000000008
2 0.6578124999999999 0.5758329999999999 0.03187499999999999 0.014999999999999977
2 0.6778124999999999 0.6475 0.030625000000000013 0.07166599999999994
2 0.713125 0.6879165 0.07374999999999998 0.11583299999999985
2 0.70625 0.63625 0.036250000000000004 0.070834
2 0.7309375 0.7599999999999999 0.05437500000000006 0.15333400000000008
2 0.7321875 0.6233335 0.013125000000000053 0.07166699999999986
2 0.7821875 0.8308335000000001 0.10312500000000002 0.18833300000000008
2 0.7709375 0.6233335 0.015625 0.02833299999999994
2 0.7803125 0.58625 0.009375000000000022 0.022500000000000037
2 0.8968750000000001 0.6695835 0.04500000000000004 0.03416700000000006
2 0.9071875 0.75 0.06062500000000004 0.16333400000000017
2 0.9065624999999999 0.6629165 0.051875000000000004 0.03416700000000006
2 0.8984375 0.6145835000000001 0.015625 0.014166999999999893
2 0.9165625 0.61375 0.028125000000000067 0.019165999999999943
2 0.93875 0.6179169999999999 0.03374999999999995 0.017499999999999998
2 0.9721875 0.7474999999999999 0.05437500000000006 0.1583340000000001
2 0.9624999999999999 0.612917 0.025000000000000022 0.0625
2 0.9762500000000001 0.9116664999999999 0.04625000000000001 0.088333