13 0.0325 0.453157 0.06375 0.4745420000000001
13 0.019062500000000003 0.9551935 0.026875000000000003 0.08757700000000011
13 0.081875 0.5056005 0.08875 0.42871700000000007
13 0.07875 0.9480655000000001 0.03125 0.10183299999999999
13 0.0975 0.0509165 0.05499999999999999 0.101833
13 0.1265625 0.9541755000000001 0.029374999999999984 0.08961300000000001
13 0.1421875 0.545316 0.060624999999999984 0.381874
13 0.151875 0.1008145 0.036250000000000004 0.201629
13 0.1746875 0.9541755000000001 0.02562500000000001 0.08961300000000001
13 0.2021875 0.5875765000000001 0.073125 0.342159
13 0.1953125 0.144603 0.043125000000000024 0.26476600000000006
13 0.4003125 0.995927 0.015625 0.006110000000000079
13 0.4040625 0.9210794999999999 0.018125000000000002 0.015275000000000016
13 0.4028125 0.883401 0.013124999999999998 0.023422000000000002
13 0.406875 0.9638494999999999 0.0050000000000000044 0.03360500000000007
13 0.7315625 0.25509149999999997 0.01937499999999992 0.22708699999999998
13 0.7546875 0.201629 0.026874999999999982 0.221996
13 0.7734375 0.1318735 0.02562500000000001 0.261711
13 0.7962499999999999 0.086558 0.036250000000000004 0.17107999999999998
13 0.8359375 0.0412425 0.013125000000000053 0.082485
13 0.8731249999999999 0.462831 0.06874999999999998 0.363544
13 0.9359375 0.38747450000000005 0.05687500000000001 0.43890100000000004
13 0.989375 0.327902 0.020000000000000018 0.511202