13 0.6428125 0.42436999999999997 0.08062499999999995 0.10924399999999992
13 0.160625 0.6830065 0.057499999999999996 0.09617099999999994
13 0.1909375 0.5308125 0.015625 0.10550899999999999
13 0.2109375 0.5168065 0.014375000000000027 0.11111100000000003
13 0.23781249999999998 0.5009335 0.019375000000000003 0.12978500000000004
13 0.27531249999999996 0.661998 0.023125000000000007 0.08776800000000001
13 0.2753125 0.4761905 0.020625000000000004 0.138189
13 0.305625 0.6764705000000001 0.02124999999999999 0.1353870000000001
13 0.308125 0.462185 0.01874999999999999 0.14005600000000007
13 0.365 0.6741365 0.048750000000000016 0.15499499999999994
13 0.3996875 0.43043899999999996 0.06187499999999996 0.14565800000000007
13 0.43125 0.6713355 0.057499999999999996 0.17553699999999997
13 0.60625 0.6666664999999999 0.10499999999999998 0.15126099999999992
13 0.8109375 0.4696545 0.06937499999999996 0.12885100000000005
13 0.8303125 0.6830069999999999 0.08437500000000009 0.13351999999999994