2 0.02 0.9141665 0.04 0.051666999999999984
2 0.0246875 0.8208335 0.049375 0.13833299999999996
2 0.10625 0.835417 0.07499999999999998 0.14249999999999993
2 0.13875 0.9220835 0.09625000000000002 0.14916699999999997
2 0.1340625 0.8441665 0.058124999999999996 0.14666700000000002
2 0.259375 0.8716664999999999 0.07875000000000001 0.14666700000000002
2 0.2621875 0.7520830000000002 0.013124999999999998 0.027500000000000007
2 0.26749999999999996 0.7729165 0.023749999999999993 0.030833000000000037
2 0.3425 0.8620835000000001 0.07500000000000001 0.08916699999999993
2 0.37812500000000004 0.876667 0.07624999999999998 0.10499999999999998
2 0.36031250000000004 0.7620835 0.018125000000000002 0.020832999999999952