13 0.058125 0.140713 0.11625 0.281426
13 0.08875 0.7743900000000001 0.009999999999999995 0.03846200000000002
13 0.093125 0.7049715000000001 0.008750000000000008 0.034708999999999914
13 0.1009375 0.6449345 0.006874999999999992 0.038460999999999954
13 0.10625 0.5811445000000001 0.0062500000000000056 0.034709
13 0.113125 0.4554405 0.0050000000000000044 0.032833000000000015
13 0.1278125 0.454503 0.006875000000000006 0.045966000000000014
13 0.1396875 0.3424015 0.02562500000000001 0.030018999999999966
13 0.15031250000000002 0.30863 0.03937500000000002 0.045028000000000026
13 0.1534375 0.26735450000000005 0.03812499999999999 0.05065700000000002
13 0.15875 0.215291 0.03875000000000001 0.045966000000000014
13 0.1625 0.174015 0.03375 0.04408999999999999
13 0.17281249999999998 0.1435275 0.043125 0.052532999999999996
13 0.1765625 0.10834899999999999 0.045625 0.04971799999999999
13 0.18406250000000002 0.052064000000000006 0.028124999999999983 0.038461999999999996
13 0.188125 0.0182925 0.028750000000000026 0.036585
13 0.2190625 0.2040335 0.03562499999999999 0.05347099999999999
13 0.275625 0.2148215 0.05249999999999999 0.07879899999999997
13 0.4434375 0.176829 0.015625 0.04596599999999999
13 0.4440625 0.46341449999999995 0.01687500000000003 0.06003699999999996
13 0.4446875 0.3738275 0.018125000000000002 0.05159500000000005
13 0.4459375 0.671201 0.020625000000000004 0.07035599999999995
13 0.4440625 0.257036 0.014374999999999971 0.06378999999999997
13 0.4453125 0.545966 0.016874999999999973 0.06003799999999993
13 0.460625 0.9029079999999999 0.016249999999999987 0.015947999999999813
13 0.46687500000000004 0.5384614999999999 0.00874999999999998 0.05253300000000004
13 0.466875 0.45684850000000005 0.006249999999999978 0.05440899999999994
13 0.6046875 0.47983099999999995 0.02312499999999995 0.0666039999999999
13 0.6115625 0.6172605000000001 0.026874999999999982 0.07317100000000001
13 0.608125 0.3963415 0.008750000000000036 0.045966999999999945
13 0.6184375 0.7481240000000001 0.02937500000000004 0.0816140000000001
13 0.6315625 0.260788 0.02312499999999995 0.069418
13 0.6365625 0.37148200000000003 0.028124999999999956 0.07129400000000005
13 0.6428125 0.456848 0.030625000000000013 0.06566600000000003
13 0.6459375 0.899156 0.02312499999999995 0.023451999999999897
13 0.6521874999999999 0.6088180000000001 0.030625000000000013 0.07129399999999997
13 0.6609375 0.74015 0.03312499999999996 0.08442799999999995
13 0.765625 0.2809565 0.016250000000000098 0.05722300000000003
13 0.794375 0.4606005 0.05124999999999991 0.14821700000000002
13 0.7878125 0.2959665 0.018124999999999947 0.05347099999999999
13 0.8096875 0.674015 0.038124999999999964 0.16791799999999993