13 0.025625 0.5229165 0.05125 0.28083299999999994
13 0.0546875 0.19041700000000003 0.109375 0.24250000000000002
13 0.1771875 0.7025 0.09187499999999998 0.08666599999999998
13 0.42375 0.8633335 0.42000000000000004 0.16333300000000003
13 0.290625 0.7120835 0.07875000000000004 0.19416699999999998
13 0.30374999999999996 0.410833 0.07124999999999998 0.16
13 0.460625 0.20999999999999996 0.07250000000000001 0.10666599999999997
13 0.463125 0.435 0.07500000000000001 0.163334
13 0.475 0.7300000000000001 0.09000000000000002 0.19333399999999998
13 0.551875 0.25166700000000003 0.050000000000000044 0.10000000000000002
13 0.5640624999999999 0.4579165 0.051875000000000004 0.16916699999999998
13 0.5828125 0.750417 0.055624999999999925 0.1825000000000001
13 0.6425000000000001 0.432083 0.039999999999999925 0.12750000000000003
13 0.6603125000000001 0.6204164999999999 0.04062500000000002 0.12583299999999994
13 0.6840625 0.8566664999999999 0.05437500000000006 0.14333300000000002
13 0.690625 0.4716665 0.04625000000000001 0.09666699999999999
13 0.7140625 0.6645835 0.051875000000000004 0.134167
13 0.803125 0.7041665 0.03125 0.06833299999999998
13 0.845 0.7395835000000001 0.03749999999999998 0.10583299999999991