18 0.6953125 0.2515625 0.040625 0.503125
18 0.35234375 0.24140625 0.0453125 0.471875
18 0.8921875 0.28125 0.0546875 0.5625
18 0.35 0.23125 0.046875 0.4515625
18 0.390625 0.23125 0.0359375 0.428125
18 0.625 0.2375 0.03125 0.415625
18 0.578125 0.26796875 0.03125 0.3203125
17 0.6953125 0.66171875 0.109375 0.4453125
17 0.803125 0.725 0.1484375 0.5015625
17 0.909375 0.746875 0.16875 0.50625
17 0.378125 0.61953125 0.1265625 0.425
17 0.4859375 0.48203125 0.0984375 0.203125
17 0.6765625 0.59765625 0.1109375 0.3875
17 0.62890625 0.57578125 0.10625 0.325
17 0.5921875 0.54609375 0.1296875 0.25