18 0.22734375 0.625 0.05625 0.7453125
18 0.36015625 0.6203125 0.0296875 0.5484375
18 0.39921875 0.58359375 0.0296875 0.434375
18 0.4984375 0.546875 0.028125 0.478125
18 0.5953125 0.57890625 0.0234375 0.43125
18 0.7765625 0.6390625 0.0453125 0.721875
18 0.6296875 0.6390625 0.025 0.5171875
17 0.2375 0.925 0.296875 0.15
17 0.275 0.83984375 0.2375 0.1328125
17 0.315625 0.7796875 0.184375 0.1234375
17 0.653125 0.7578125 0.1765625 0.1203125
17 0.68359375 0.8171875 0.1609375 0.1609375
17 0.7703125 0.91796875 0.290625 0.1640625
17 0.409375 0.62109375 0.071875 0.075
17 0.42109375 0.596875 0.075 0.0765625
17 0.58125 0.6140625 0.0859375 0.0515625
17 0.58046875 0.59296875 0.0828125 0.0515625