24 0.459375 0.63359375 0.3359375 0.253125
24 0.12265625 0.4046875 0.234375 0.1828125
24 0.35859375 0.3203125 0.184375 0.1421875
24 0.68046875 0.47265625 0.2984375 0.175
24 0.8375 0.378125 0.259375 0.146875
24 0.55859375 0.2796875 0.171875 0.1
24 0.203125 0.2359375 0.190625 0.1109375
24 0.16484375 0.7984375 0.3296875 0.2828125
24 0.39609375 0.20625 0.15 0.1140625
24 0.54453125 0.184375 0.1359375 0.1140625
24 0.621875 0.1625 0.1140625 0.125
24 0.66875 0.246875 0.153125 0.1109375
24 0.78203125 0.196875 0.153125 0.1171875
17 0.309375 0.7375 0.190625 0.3484375
17 0.603125 0.5890625 0.18125 0.340625
17 0.225 0.38515625 0.1296875 0.24375
17 0.428125 0.353125 0.128125 0.246875
17 0.56640625 0.28828125 0.134375 0.19375
17 0.71328125 0.2703125 0.090625 0.1625
17 0.746875 0.52421875 0.178125 0.328125
17 0.88046875 0.46015625 0.1234375 0.328125
17 0.26640625 0.26640625 0.121875 0.2171875
17 0.43046875 0.21328125 0.10625 0.1828125
17 0.55546875 0.19375 0.090625 0.1609375
17 0.65703125 0.196875 0.0984375 0.1890625
17 0.81953125 0.23984375 0.10625 0.225