24 0.1796875 0.73515625 0.359375 0.3203125
24 0.08125 0.54765625 0.159375 0.1765625
24 0.31875 0.403125 0.175 0.146875
24 0.1640625 0.37421875 0.1984375 0.1375
24 0.4890625 0.50546875 0.253125 0.1875
24 0.4890625 0.31796875 0.1578125 0.1109375
24 0.653125 0.3765625 0.1890625 0.1375
24 0.77265625 0.31171875 0.178125 0.13125
24 0.87578125 0.2546875 0.1640625 0.15
24 0.61640625 0.2734375 0.1609375 0.1140625
24 0.69375 0.2390625 0.1203125 0.109375
24 0.34921875 0.278125 0.1234375 0.0984375
24 0.45234375 0.2421875 0.128125 0.09375
24 0.56640625 0.2140625 0.103125 0.0828125
24 0.71328125 0.87265625 0.509375 0.2546875
24 0.84375 0.65078125 0.3125 0.3203125
24 0.9359375 0.43828125 0.128125 0.16875
24 0.19921875 0.2625 0.134375 0.078125
24 0.334375 0.21171875 0.1015625 0.071875
24 0.43828125 0.1921875 0.096875 0.0765625
24 0.31484375 0.178125 0.103125 0.078125
24 0.22265625 0.2046875 0.1125 0.0671875
24 0.084375 0.21640625 0.0953125 0.078125
17 0.37578125 0.7484375 0.2078125 0.4
17 0.16796875 0.53671875 0.15 0.3125
17 0.39296875 0.42578125 0.121875 0.2453125
17 0.5796875 0.528125 0.1453125 0.309375
17 0.70546875 0.41875 0.1453125 0.2359375
17 0.80234375 0.35390625 0.1125 0.240625
17 0.8953125 0.27421875 0.103125 0.2125
17 0.546875 0.334375 0.103125 0.1875
17 0.6515625 0.30546875 0.096875 0.1875
17 0.7109375 0.25 0.09375 0.15
17 0.59140625 0.24296875 0.0953125 0.1453125
17 0.5109375 0.2609375 0.0828125 0.146875
17 0.40703125 0.28125 0.0828125 0.1640625
17 0.27265625 0.340625 0.1125 0.1234375
17 0.08203125 0.42734375 0.096875 0.1859375
17 0.109375 0.3078125 0.1 0.1453125